5.61512
3.56161
2.99068
2.54754
2.29934
2.32769
2.22351
1.93839
2.01831
1.86914
1.8167
2.06136
1.57182
1.76564
1.65884
1.74881
1.7456
1.74751
1.6357
1.70654
1.66685
1.67087
1.6534
1.48386
1.72379
1.56357
1.55513
1.58444
1.5301
1.45026
1.58358
1.44598
1.57046
1.59468
1.49248
1.50617
1.58868
1.52302
1.67024
1.49888
1.51201
1.45393
1.43552
1.55683
1.464
1.39832
1.45301
1.44049
1.60023
1.54456
1.67178
1.54708
1.51266
1.38131
1.55455
1.38573
1.48537
1.53513
1.3679
1.55682
1.35632
1.35034
1.5265
1.45035
1.45263
1.47169
1.25015
1.53973
1.51796
1.28717
1.36922
1.43065
1.48417
1.37329
1.29147
1.5374
1.22853
1.24148
1.3811
1.34716
1.40864
1.27867
1.33416
1.2674
1.40273
1.29896
1.28683
1.48687
1.51636
1.275
1.47407
1.35149
1.56035
1.20716
1.29281
1.28528
1.29664
1.25018
1.35209
1.46744
1.53605
1.36479
1.45702
1.54014
1.47555
1.52818
1.1921
1.32682
1.30472
1.4101
1.32367
1.42638
1.29977
1.45012
1.33585
1.50645
1.37656
1.31822
1.42145
1.27024
1.49969
1.46252
1.33587
1.40298
1.42569
1.30619
1.52013
1.34974
1.36867
1.3835
1.20228
1.44961
1.39666
1.34541
1.30791
1.45108
1.47528
1.28934
1.42862
1.2881
1.46394
1.26624
1.13499
1.23856
1.34115
1.36017
1.27511
1.33914
1.30135
1.45504
1.24408
1.29184
1.3814
1.37979
1.4279
1.31125
1.41591
1.38893
1.48521
1.38429
1.36911
1.42247
1.1947
1.34419
1.35656
1.45675
1.53998
1.5211
1.30679
1.37506
1.17781
1.39311
1.37138
1.39466
1.47098
1.3637
1.27081
1.48509
1.38967
1.39383
1.45167
1.20551
1.26643
1.36435
1.47236
1.30108
1.37153
1.28472
1.42758
1.4064
1.13447
1.2713
1.40132
1.41301
1.44558
1.48365
1.61028
1.42333
1.4205
1.37248
1.24938
1.33123
1.58534
1.47417
1.29429
1.2529
1.34675
1.36886
1.2841
1.34789
1.27923
1.14818
1.31718
1.35228
1.46317
1.46825
1.36567
1.31216
1.4946
1.43928
1.24752
1.38767
1.28093
1.30276
1.18888
1.26244
1.18467
1.33038
1.33806
1.39406
1.42131
1.2507
1.34116
1.36884
1.36749
1.48397
1.3607
1.35367
1.20894
1.31066
1.38198
1.30308
1.33702
1.29704
1.46116
1.44087
1.37865
1.38773
1.3986
1.42418
1.31609
1.31309
1.3612
1.35429
1.36437
1.28441
1.14224
1.34402
1.50263
1.33132
1.33162
1.31032
1.25121
1.26779
1.22592
1.12881
1.39635
1.30551
1.47032
1.18352
1.36421
1.35052
1.20737
1.45472
1.30941
1.27394
1.27652
1.34106
1.28291
1.2747
1.24632
1.39193
1.34206
1.45456
1.24564
1.37487
1.52115
1.33004
1.28209
1.18703
1.30832
1.29572
1.25445
1.25341
1.28356
1.25741
1.28374
1.36087
1.30127
1.35332
1.45975
1.16723
1.26773
1.21056
1.29263
1.44873
1.37075
1.41292
1.27706
1.26599
1.13858
1.26132
1.3421
1.25405
1.29455
1.37825
1.24874
1.29029
1.29365
1.35884
1.38433
1.18267
1.26973
1.28802
1.20603
1.33569
1.29405
1.31924
1.28326
1.14592
1.19624
1.18097
1.35576
1.25241
1.22219
1.43091
1.3041
1.27045
1.1155
1.27966
1.31574
1.46347
1.33049
1.31453
1.43994
1.23207
1.39132
1.39589
1.28377
1.26691
1.43986
1.28212
1.2921
1.21965
1.14919
1.27613
1.38072
1.4248
1.10834
1.28123
1.38823
1.27781
1.21542
1.24873
1.44096
1.2417
1.25188
1.24974
1.22638
1.28093
1.3746
1.13281
1.23775
1.24584
1.26207
1.48792
1.18412
1.22089
1.33312
1.43918
1.25017
1.3933
1.15862
1.3429
1.36563
1.29448
1.30013
1.33415
1.33832
1.40626
1.36691
1.1682
1.23117
1.26979
1.19301
1.29871
1.22715
1.2734
1.17884
1.34837
1.24927
1.17976
1.40847
1.28857
1.27845
1.1696
1.13172
1.2036
1.20002
1.29105
1.35982
1.21032
1.29441
1.41197
1.18434
1.25901
1.29846
1.25785
1.27128
1.26049
1.11958
1.32822
1.1986
1.42324
1.34471
1.32829
1.26322
1.15566
1.21867
1.21025
1.22786
1.33876
1.47395
1.17168
1.38752
1.155
1.19125
1.24241
1.24986
1.31722
1.35867
1.28286
1.24187
1.28755
1.14622
1.16919
1.32012
1.13206
1.29244
1.15778
1.38664
1.26335
1.15431
1.30857
1.23066
1.18875
1.23205
1.26565
1.23401
1.25178
1.31581
1.26085
1.37849
1.18577
1.29663
1.2015
1.17347
1.2881
1.26542
1.19484
1.24834
1.38072
1.23812
1.28672
1.22459
1.29518
1.04538
1.15241
1.13432
1.20108
1.26471
1.27595
1.17772
1.19477
1.22489
1.25065
1.19746
1.26855
1.19952
1.21284
1.2317
1.2254
1.40393
1.2723
1.31261
1.16363
1.27213
1.34305
1.25388
1.09875
1.29889
1.27496
1.17039
1.25773
1.28897
1.29501
1.21331
1.13003
1.26954
1.13495
1.27266
1.2241
1.27702
1.28661
1.24157
1.16387
1.15496
1.24406
1.1967
1.1804
1.32838
1.30878
1.17259
1.29564
1.09449
1.25665
1.12978
1.26735
1.20632
1.20261
1.2392
1.37191
1.13569
1.10662
1.19513
1.18328
1.0602
1.16272
1.24027
1.18125
1.21536
1.27814
1.24054
1.34114
1.23144
1.19262
1.24498
1.22891
1.30434
1.24996
1.43461
1.29783
1.2487
1.25556
1.19735
0.994439
1.31917
1.26373
1.2344
1.11849
1.14735
1.30937
1.12943
1.12222
1.34957
1.21293
1.23806
1.33626
1.18987
1.28586
1.14468
1.1729
1.23594
1.37031
1.3261
1.33747
1.39364
1.25701
1.2617
1.34119
1.20994
1.11083
1.11768
1.17556
1.13414
1.13598
1.34399
1.24105
1.38859
1.28665
1.20537
1.29939
1.20737
1.1916
1.30551
1.11401
1.24588
1.2367
1.1477
1.17081
1.19411
1.22433
1.21482
1.06575
1.22158
1.11059
1.28889
1.30016
1.07703
1.03132
1.15222
1.18121
1.2525
1.14714
1.08709
1.18281
1.20298
1.19598
1.24941
1.19336
1.20125
1.14873
1.36481
1.32451
1.10498
1.20137
1.12807
1.17527
1.14431
1.28877
1.14824
1.28663
1.13188
1.09116
1.20438
1.2572
1.15839
1.16033
1.15942
1.25483
1.1547
1.10602
1.22457
1.13521
1.33149
1.21727
1.04909
1.27013
1.14061
1.08545
1.1504
1.27783
1.20098
1.17489
1.2356
1.17867
1.079
1.10485
1.20379
1.27607
1.10331
1.26922
1.18632
1.22336
1.15869
1.13137
1.2719
1.36092
1.22371
1.22891
1.2977
1.09346
1.03562
1.20278
1.11367
1.16909
1.19664
1.11561
1.18333
1.37155
1.09621
1.27769
1.17566
1.29176
1.17369
1.20453
1.17319
1.19364
1.19608
1.19968
1.28181
1.20826
1.2309
1.21132
1.26661
1.31519
1.0933
1.18104
1.2826
1.19706
1.3353
1.31836
1.22586
1.25076
1.48036
1.14517
1.10037
1.28047
1.25838
1.28081
1.16427
1.28124
1.16277
1.23311
1.36054
1.22388
1.30293
1.30288
1.20981
1.20117
1.19731
1.17061
1.27161
1.1781
1.20468
1.11523
1.28924
1.14964
1.26425
1.21866
1.11686
1.20773
1.18393
1.28421
1.16969
1.17496
1.12967
1.22062
1.13965
1.26388
1.2095
1.19302
1.20811
1.18609
1.19376
1.27939
1.09388
1.20647
1.05206
1.05599
1.12029
1.24035
1.17841
1.08708
1.20986
1.02314
1.14396
1.18988
1.06839
1.13962
1.35897
1.09636
1.26465
1.16776
1.08885
1.13526
1.02631
1.06351
1.21831
1.12741
1.20727
1.24335
1.27525
1.1684
1.15212
1.1585
1.23477
1.12354
1.12564
1.20269
1.27947
1.02948
1.34754
1.15722
1.10219
1.23967
1.1351
1.18977
1.18439
1.26582
1.21051
1.07158
1.22049
1.36257
1.15001
1.25076
1.25035
1.32118
1.15238
1.13809
1.05481
1.3497
1.19579
1.13263
1.2312
1.20638
1.13105
1.10336
1.17143
0.958875
1.15045
1.16062
0.99444
1.14594
1.01777
1.08438
1.10771
1.06101
1.0099
1.08954
1.07763
1.12062
1.10818
0.974009
0.919339
1.15222
1.30708
0.953645
1.11496
1.12244
1.09292
1.0993
1.07503
1.04899
1.01628
1.04259
1.18949
0.977299
1.0695
1.02672
1.01535
1.12603
1.11816
1.07613
1.11785
1.17192
1.01728
1.04736
0.976321
1.12597
1.15605
1.0143
1.09742
1.05627
1.03082
1.08679
1.04967
1.06753
1.13101
1.08033
1.0786
0.941311
0.980784
0.953482
1.14288
1.15389
0.919315
1.23519
0.984191
1.00707
1.17007
1.12044
0.973005
1.08969
1.0009
0.99965
0.990042
1.30793
1.1173
0.902883
1.05483
1.12094
1.02063
0.996944
1.13072
1.10936
1.21207
0.968437
1.05218
1.01058
1.17022
1.14449
1.09001
1.0778
1.15979
1.11457
1.04324
1.12476
1.0456
1.16745
1.0573
0.944398
0.950379
1.07769
1.01307
1.09892
1.00285
0.896494
0.986786
1.15152
1.07172
1.02049
0.984683
1.0906
1.15377
1.17361
1.06042
0.98106
1.12818
1.01651
0.977264
0.933815
1.00133
1.00344
1.15388
1.06538
1.01037
0.903011
1.06954
1.04513
1.09568
1.01951
0.976309
1.04128
0.854963
0.980929
1.11147
1.20767
1.01409
1.10485
1.07668
1.02592
1.07507
0.91058
1.10662
0.949379
1.23259
1.05911
1.08757
1.07133
1.09159
1.14433
1.0646
1.04026
1.00554
1.03519
1.01977
1.04897
1.07412
0.995342
1.02549
1.11305
1.06592
1.02365
1.09291
1.07714
1.13218
1.02819
1.17487
1.1149
1.03379
1.13806
1.05506
0.978217
1.00005
1.15989
1.09423
1.01159
1.18849
1.05575
1.10027
0.935746
1.15102
1.0013
1.11897
1.01467
0.969231
0.89042
0.952589
0.986594
0.846623
1.07376
1.04546
1.10498
1.09833
0.911003
1.06283
1.0718
0.962427
1.21621
1.06863
1.05505
1.01827
1.09176
1.06786
0.904198
1.00572
1.11038
1.00791
0.980462
1.10394
1.12433
1.12733
0.949561
1.1365
0.982472
1.24549
1.13618
1.03362
1.1344
0.924077
0.966836
1.05731
1.13182
1.03558
0.955532
1.01986
0.998134
0.906469
1.1027
1.02134
0.961587
0.896547
0.990032
0.987828
0.936946
1.0643
1.05385
0.975038
1.15496
0.99777
1.07725
1.10572
0.983791
1.05932
1.01712
1.0543
1.00979
1.06727
0.848324
0.905588
0.993799
1.03857
1.05982
1.07519
1.19484
1.05273
0.875462
1.05488
0.977116
1.10126
1.11652
1.1223
1.00037
1.11467
1.02713
1.0698
0.879939
1.01673
0.898588
1.04961
0.9628
1.01191
1.05538
1.0922
0.934107
0.958909
0.873719
1.02899
1.01938
1.12549
1.1334
1.0779
1.1944
0.951882
0.94838
0.975352
1.06248
1.04124
1.07763
1.05578
1.0048
0.990933
1.02726
0.983587
1.10585
1.05613
1.01662
1.25987
1.01288
1.07312
0.944407
1.01644
1.19177
1.00075
1.05388
1.00695
1.06744
1.06091
0.988856
1.11933
0.96298
1.00942
1.06069
1.01614
1.05179
1.31434
1.17573
0.999815
1.14743
1.03916
1.05091
0.953651
1.1524
1.17628
1.01475
1.0382
0.986157
0.990007
1.10911
1.03234
1.02282
1.06525
1.15541
0.988455
0.910463
1.18336
1.07149
1.00917
0.991527
1.11796
0.904836
1.03379
0.853732
0.917321
1.02883
1.0467
1.01256
1.12861
0.966348
1.02443
0.968613
1.05271
1.03075
0.949609
1.10611
1.07886
0.913532
1.11069
1.11951
0.852839
1.00866
1.11759
0.972809
1.0154
1.1354
0.901907
1.14895
1.15006
1.01221
0.894527
1.03721
0.912799
1.06804
1.14786
1.07971
1.11141
1.07217
1.0016
0.884623
1.0765
1.07754
1.02844
1.16781
1.17416
1.04242
0.944644
1.00654
0.988118
1.04239
1.04941
0.984721
0.978624
1.08251
1.00007
1.09286
1.0391
1.07198
1.02221
1.10225
1.17001
1.06815
0.932461
0.940685
1.08128
1.1219
1.0607
1.03954
0.94684
1.09407
0.990213
1.02471
1.09968
1.09953
1.05469
1.12437
0.97554
1.06736
1.13819
0.983382
1.02856
1.14005
1.0127
1.10387
1.02161
0.974638
1.08865
1.00363
0.979723
1.13833
1.00815
1.1303
1.03967
1.00973
1.10913
1.03283
0.920193
0.933652
1.14396
1.00938
0.932996
0.887064
1.00467
1.03752
1.01051
1.01123
1.11318
0.95626
0.967011
0.905607
1.14016
1.08046
1.0964
0.947914
0.934664
1.06395
1.07107
1.06223
0.895021
1.13785
0.985447
0.953326
1.09589
1.02958
1.00837
0.983609
1.02819
1.0497
1.03618
1.0737
0.9337
1.08723
0.988087
1.08472
1.01517
1.07734
1.07041
1.06859
0.958174
0.990888
1.11307
1.05694
1.18203
1.02062
0.989278
1.00175
1.05624
0.989676
1.06747
1.26369
0.910207
0.95801
1.09735
1.0906
1.10062
0.88954
1.15149
1.04622
1.06348
1.10017
0.94185
1.07144
1.04465
1.04834
1.01014
1.08884
1.13931
1.06221
0.942796
0.995607
0.957311
0.983426
1.06305
0.936171
1.05014
1.13753
0.983241
1.10898
1.02708
1.01526
0.958496
1.08889
1.06478
1.13905
0.97021
1.02091
1.01476
0.967472
0.999532
0.942617
1.22428
0.995818
0.905856
1.00494
0.884375
1.05341
1.0602
1.0297
0.872722
0.872114
1.06049
1.03214
0.979207
1.05343
1.01509
0.908895
0.986711
0.914801
0.997788
0.917592
1.07817
0.999836
0.970162
1.04736
1.01698
1.06931
1.07046
1.04691
1.02008
0.995215
1.12974
0.968571
1.00183
1.19429
1.02399
1.00276
0.963074
1.10488
0.914545
0.970685
1.09226
1.25964
1.00707
1.10018
1.08354
1.031
1.09618
0.989927
1.07876
0.997451
1.04942
1.06044
0.954166
0.908393
1.05128
1.037
0.984091
0.95969
0.967149
1.05622
0.928674
1.03314
0.969278
1.04395
1.16883
0.909761
1.07186
1.12284
1.20188
1.04441
0.959056
0.95638
0.990834
1.05265
1.00357
1.08016
1.12238
1.05211
1.15762
1.13087
0.990971
1.06663
1.10857
1.05752
0.997655
1.01623
1.1011
1.0922
1.1035
0.996885
0.919791
0.989859
0.950653
1.07039
1.03891
0.984329
0.960379
1.07359
1.05119
1.07379
1.19024
1.07359
1.13881
0.947123
1.16424
1.05378
0.979352
0.86872
1.1545
0.882686
1.0604
1.12466
1.06423
1.03678
0.985187
0.985697
1.09867
1.0112
0.770675
1.02983
1.13084
0.835522
1.01948
0.996941
1.04429
0.939008
0.940383
1.01287
1.10779
1.15404
1.09529
0.99174
1.13796
0.85847
0.951509
0.966321
1.10934
0.951062
0.991093
0.821948
1.03049
0.959044
0.941108
0.896889
0.920478
0.957737
1.01018
1.03424
1.04274
1.0054
0.948443
0.945349
1.04658
0.938327
1.00131
1.09062
0.972818
0.863937
1.05235
1.09009
0.986999
1.01054
1.12108
1.10607
0.96655
1.05565
0.993262
1.01449
1.17214
1.00713
0.895975
1.03038
1.05837
0.976625
1.02949
1.006
1.03056
1.09113
0.785732
0.984051
0.953725
0.920307
0.911139
1.00934
0.943499
1.0595
1.06063
1.04707
0.951768
1.01376
1.12068
0.887284
1.11658
1.01296
0.963256
1.26224
1.01392
1.14521
1.03212
0.975934
1.0466
0.89742
1.0788
1.01046
1.09785
1.09617
1.04648
0.940683
0.959696
0.994363
0.943712
0.875207
0.896821
0.905687
1.00335
1.00519
1.07138
0.964916
1.05576
1.0735
1.01019
1.09205
0.924356
0.994568
0.90351
1.01801
1.10097
1.06681
1.22602
0.972892
1.18567
0.856162
0.972359
0.910644
1.15804
1.00286
0.880323
1.08299
1.09731
1.08297
1.01156
1.07918
0.951831
0.988768
0.980498
1.05942
0.888096
0.920778
1.06474
0.942523
1.0064
1.03248
1.03943
1.05412
1.02896
1.13881
1.05332
0.990822
1.01873
1.03743
1.16436
0.997177
1.01078
1.06829
1.11666
0.936939
1.12825
0.959733
1.09918
1.04851
0.919039
1.11811
1.06011
0.991082
1.13147
1.11919
1.03178
0.948556
1.16554
0.994411
0.946453
1.12617
0.992444
0.961437
0.993672
1.01028
1.13002
1.0039
0.999946
1.01912
1.12587
0.937387
1.04902
0.952789
1.11114
0.941765
1.07275
1.04264
1.15809
0.987742
0.986624
0.884001
0.952946
1.11098
0.901582
1.07475
0.970547
0.948247
0.997868
0.918379
0.956745
0.9486
0.996942
1.18364
0.972183
1.04483
1.02366
1.05048
0.975675
0.974637
1.07195
0.962904
0.981137
1.05133
0.944872
0.999641
1.01268
0.956567
0.983575
0.948986
1.08587
0.966917
1.1016
1.01783
1.02594
0.981291
1.11798
1.11881
1.15726
0.949741
0.947864
0.998055
1.03982
1.01921
0.875058
1.07974
1.07286
1.00285
0.937629
1.03364
0.990677
0.948027
1.04297
0.936493
1.07419
1.02532
1.07072
1.04957
0.907314
1.10368
0.993555
0.914371
1.13425
1.02898
1.02997
0.953733
1.00612
1.00933
1.08035
1.22433
0.880824
0.951878
1.04231
0.982841
0.885242
0.966842
0.954126
1.1034
1.21413
1.05664
0.937081
1.09518
0.963479
0.931661
0.916787
0.954591
0.941092
0.982898
0.936621
0.924511
1.02121
1.08843
1.142
1.1729
0.994328
1.12081
0.961143
1.0911
1.14482
0.982211
1.00707
1.064
1.0403
1.04731
1.02466
0.84455
0.974833
0.950526
1.08312
1.04012
1.17172
0.970759
1.17112
1.07469
0.942437
1.03409
1.1146
1.07352
0.99659
0.990248
0.990474
0.928357
0.965025
1.11425
0.916932
1.03332
0.951604
1.1322
0.865321
0.898341
0.974161
0.981121
1.02527
1.03308
1.04377
0.973
0.918165
1.01954
1.1557
0.959267
0.957968
1.00752
0.991834
0.984022
0.751393
1.00801
1.03227
0.850411
0.984136
0.858822
1.0853
1.03254
1.11482
1.07736
0.931162
0.98433
0.963513
1.03295
0.960871
1.09953
1.05211
1.03578
0.979249
1.05473
1.1811
1.05409
1.12481
1.0179
1.03532
1.09077
0.946159
0.987355
0.876654
1.04426
1.03188
1.24144
1.09814
1.08006
1.14811
1.02022
1.01138
0.953245
0.997333
1.0024
0.841361
1.00439
1.03939
0.912693
0.964185
1.14035
1.007
0.911225
1.08006
1.09126
1.17098
0.902495
1.08198
1.0857
0.991911
0.964013
1.05006
0.936132
1.13126
1.07055
1.17932
0.92981
0.931988
0.937369
1.08305
0.96038
1.14406
1.18819
0.955409
1.01776
0.838975
0.802573
0.951057
1.07158
0.982669
1.11492
0.90924
1.02092
1.04143
0.911744
1.05487
0.987443
1.00528
0.999874
0.992287
0.964006
1.1088
0.946921
1.0357
1.17975
0.831861
0.998775
1.00762
1.07379
0.932745
1.05506
0.934594
1.00165
0.972265
0.916491
0.99417
0.993822
0.909416
1.16957
0.966439
0.93257
1.05418
0.952694
0.848683
1.06323
1.01077
1.01052
1.09276
0.959291
1.06707
1.11338
1.02786
0.986419
1.03378
1.02897
0.97011
1.08508
0.902539
1.08806
1.08646
1.11547
1.04518
1.08258
1.04734
1.17696
1.00144
1.03498
0.981715
1.08576
1.09212
1.01445
1.18759
1.00883
1.00748
1.1288
0.901624
1.19972
0.96819
1.03871
1.10897
1.09363
1.06706
0.901308
1.07636
0.893354
0.906316
0.891535
1.15107
0.995373
0.941001
0.970669
0.966751
1.22301
1.02172
1.11754
0.983805
1.1433
1.09166
1.05681
1.04752
1.11566
1.10515
0.970706
0.911408
0.931283
1.14782
1.15777
1.11603
0.95337
1.04983
1.06671
1.14859
1.19215
1.02879
0.953756
1.03362
0.974924
0.976093
1.0978
1.07345
0.961844
1.01106
1.02902
0.954525
1.0554
1.11269
0.844579
0.871204
1.09471
1.09976
0.987112
1.14468
0.991105
1.06184
1.11252
1.02171
0.935039
0.987117
1.04138
1.07264
1.10347
0.949472
0.893702
1.0861
1.08363
0.933785
0.950718
1.05475
0.958623
0.88625
1.07104
0.907516
1.03678
1.1075
0.970161
1.17038
1.08853
0.95948
1.03599
1.00836
0.983439
0.937442
0.90097
0.989066
0.99773
0.872757
1.03502
1.0454
0.980991
1.15763
0.928703
0.974174
1.06314
1.03576
1.1404
1.00711
1.01057
0.99961
1.02021
1.07292
1.10128
0.918237
0.948315
1.26581
1.04427
1.09735
0.950124
0.919976
0.994678
1.17498
1.07467
0.938332
1.00536
0.981358
0.996513
1.021
0.95713
0.92245
0.924308
0.90894
1.18179
1.02387
0.953662
1.02364
1.1355
0.953746
0.939468
0.997274
0.976433
1.18266
0.827713
1.00028
1.04938
1.06832
1.09903
1.0236
0.986083
1.02996
0.95958
1.11751
0.967398
0.835436
1.25025
0.911561
1.1051
0.958947
0.916614
0.873993
1.16124
1.27244
0.977347
0.870953
1.07594
1.01085
0.994352
0.903462
1.05869
1.11104
1.02364
1.01859
1.04669
1.08519
0.867408
0.957295
1.09271
0.910869
1.02375
0.957813
1.07278
0.969388
0.944149
0.900043
1.08736
0.994026
1.08549
0.754716
1.03592
1.0468
1.0666
0.958739
1.21987
1.09373
0.982492
1.00036
0.999143
1.12911
0.961835
1.12712
1.04015
1.07429
1.14641
0.967292
0.829666
0.969049
0.936362
0.938283
0.925761
1.07149
1.0521
1.04986
1.05637
1.1118
1.05537
1.06698
1.12581
0.999218
0.958859
1.0586
0.950531
0.939051
1.10881
1.07748
0.982485
1.14503
1.03786
1.00752
0.89836
1.03612
1.05923
0.997349
1.15882
0.934089
1.05951
0.977949
0.995194
0.99258
1.13846
0.915984
1.0304
0.991398
0.92185
0.927059
1.07749
1.0014
0.981098
1.06083
0.993013
1.10626
1.11591
0.968738
1.0056
1.07567
1.10764
1.11753
1.06124
1.00598
1.07229
1.05863
1.05164
1.15888
1.01384
1.00598
1.02105
1.02089
0.939231
0.990324
0.932634
1.06814
1.10325
1.01406
0.882726
0.868165
1.09677
1.00938
1.0906
0.82338
0.969033
1.07387
0.946892
1.04486
0.94445
0.98044
1.01891
0.977426
1.04442
0.963773
1.07372
1.06404
0.929069
0.995627
1.00683
0.999655
1.03624
1.02698
1.21073
0.923033
1.11902
1.06762
1.06341
1.08213
1.07677
0.959294
1.09748
1.0453
1.05666
1.05055
1.12506
0.986244
1.19618
0.816369
1.02366
1.01276
1.08581
0.832852
0.911898
0.935719
0.937825
1.03591
0.982825
1.11637
0.91046
1.04011
1.12718
1.05072
1.11874
0.939999
1.04012
0.951636
0.958085
0.954473
1.00662
1.04493
0.964591
0.913962
1.01491
1.17656
0.931128
1.05198
1.07789
1.02809
1.08524
0.922758
1.07848
0.936841
1.12111
1.01199
1.0251
0.997898
1.05029
0.983527
1.0343
0.967347
1.23571
0.956997
0.982805
1.12186
0.975951
0.927732
1.14807
1.04482
1.03862
1.13401
1.04181
0.949412
1.09541
1.01263
0.958485
0.872202
1.06737
0.95195
1.0364
1.14545
1.08887
1.02416
1.01332
1.14145
0.985
1.02982
1.01744
1.09561
0.995625
0.895066
1.06042
1.01724
0.966048
1.02742
1.09882
1.07438
0.970173
0.884633
1.00997
1.00975
0.953573
1.01136
0.960592
1.04085
1.04165
0.969908
1.19129
1.05789
0.996068
0.958808
1.01242
1.02853
0.97402
1.06932
1.16793
0.878171
0.98338
1.08245
1.05591
1.0307
1.07684
1.07246
1.07572
0.925322
1.00041
0.945145
0.979561
1.20907
1.02373
1.0805
1.01495
1.05005
0.957743
0.985394
0.9456
0.884227
0.92812
0.911317
1.00359
1.07452
0.990758
0.979761
1.10142
1.02775
0.878604
0.928186
0.987863
1.03501
1.01737
1.05323
0.880531
0.928742
1.04661
0.919949
1.00353
1.06074
1.03837
0.957275
0.989798
0.914756
1.06413
0.926535
0.905441
1.05627
1.12451
1.04349
1.00892
0.848455
1.03277
0.996526
1.10198
1.06443
1.05957
1.00527
0.920933
0.966153
1.19011
1.0661
1.0555
0.999688
1.05386
1.06447
1.14929
0.914257
0.928313
1.10735
1.11737
1.0027
0.953076
1.03517
0.796431
1.13536
1.15267
1.09408
0.984098
1.02206
0.972329
1.03866
0.890962
1.02792
0.930526
1.02634
0.930322
1.0544
1.11941
1.07359
1.05255
1.09814
0.951812
1.00597
1.0554
0.899589
0.986332
0.91059
0.948156
1.07748
1.09377
0.955782
1.07101
1.0005
1.02567
1.06808
0.944727
1.07618
1.12681
1.13348
1.01907
0.949418
0.912753
0.938382
1.06143
0.919475
0.85031
1.09639
0.989081
0.936413
1.01195
0.852774
0.966433
0.956711
0.982468
1.06345
0.944332
0.833347
0.993841
1.03823
0.854861
1.06357
1.07842
1.00162
0.867658
1.08278
1.29051
0.931223
1.09364
0.970797
0.909728
1.05058
0.910432
0.961999
1.099
1.16251
0.858183
1.12089
1.16745
1.07947
0.968993
0.975392
1.09956
0.878009
0.974371
0.979647
0.900708
1.00913
0.918274
0.993867
0.943663
1.24869
0.953324
1.05618
0.981935
1.00633
1.09063
0.863598
1.05613
1.06616
0.912243
1.0892
0.999031
1.04513
1.24189
0.973115
1.02148
0.894584
1.07894
1.05855
0.98568
0.956009
1.13098
1.01302
1.14669
1.06144
0.996122
0.959526
0.993721
1.09683
0.924884
0.990105
1.00642
1.13532
1.01527
1.02222
0.99605
1.07375
0.98581
0.834522
0.891645
0.995447
0.943878
0.981794
1.02435
1.04391
0.964409
1.07012
0.928487
1.01131
1.27613
1.01666
1.15699
0.981238
0.998095
1.17523
1.01335
1.09058
1.0784
1.03164
1.04059
1.05255
1.08937
0.979574
0.981681
0.985677
0.896068
1.05547
1.07116
0.960875
1.13565
0.957281
0.919225
0.991648
1.12934
1.2505
0.90558
1.05007
0.964453
0.929731
1.02377
1.00437
1.23387
1.02322
1.05193
1.18906
0.990304
1.03959
1.00614
1.02446
1.11069
1.08832
0.994748
1.16468
0.904511
1.05256
0.977849
0.931646
0.969289
0.886258
1.06554
1.13444
1.02817
1.16295
0.970832
0.945701
0.993501
1.04063
0.994017
1.07443
1.03497
1.04198
1.14468
1.0618
0.938523
0.990148
0.967998
1.05042
0.974514
1.01804
0.906133
1.11292
0.942696
1.09276
0.956437
1.00591
1.09765
1.00633
0.960783
1.06908
0.98092
1.11084
1.00991
0.992398
0.910081
0.944064
0.988402
0.957766
1.01676
1.08311
1.20281
1.12182
1.11546
1.01835
0.984782
0.95995
0.955359
0.961594
1.03016
1.09071
0.988932
1.1857
0.975341
0.94482
0.992569
0.99329
1.08291
1.24117
1.18096
0.973432
1.08848
1.01689
0.986539
0.978331
1.11177
1.00071
0.977905
1.00079
0.842298
1.05394
0.987234
0.985498
0.981484
0.98056
1.0627
1.06923
1.17965
0.966988
0.934937
1.12881
1.03521
1.10341
0.874052
0.923701
1.07411
0.946483
1.02389
1.11727
1.14227
1.00311
1.02164
0.997653
1.01613
0.895373
0.975671
1.03644
0.985023
1.14429
0.92389
1.07422
0.965074
1.047
0.990291
0.981213
0.907178
1.10053
0.970197
1.0604
1.14614
1.04244
1.1069
0.961199
1.07093
1.01137
1.04644
1.05263
0.912393
0.925336
1.02888
1.11247
0.953662
1.02172
0.943311
1.02367
1.01999
1.14883
0.991635
1.07578
0.902456
1.00256
0.88823
1.03942
1.05549
1.02088
1.05184
1.06642
1.00836
0.852797
1.04338
1.00117
0.849887
1.13013
1.08445
0.932454
1.02677
1.07043
1.0134
1.10807
1.08249
0.998174
1.06364
0.95774
0.941532
0.99599
1.05138
1.02101
1.06516
0.943022
1.2992
0.865167
1.00184
1.16861
1.0353
1.09325
1.08909
1.01739
1.02639
1.09248
0.980192
1.02577
0.826837
0.964904
1.12001
1.02671
0.970071
0.971671
0.950766
1.05032
1.14048
1.04489
0.997777
1.12518
0.997295
1.10678
1.0428
1.08205
1.00233
0.931073
1.02886
1.05036
1.00478
1.04375
1.02106
1.00976
0.912136
0.935249
0.951338
1.03133
1.04163
0.917533
1.06796
0.995653
1.07382
1.15966
0.94359
1.03879
1.13761
0.973464
1.01567
1.06312
0.905704
0.950635
1.00405
1.08746
1.04869
0.927857
1.03333
1.19208
1.0588
1.18407
1.02538
1.00716
1.07352
0.976149
0.929755
1.16568
1.08768
