6.258664
14.219409
23.221922
31.970603
40.867741
49.913170
58.784725
68.066324
76.815681
85.635981
94.721036
103.387494
112.594967
121.664388
130.678691
139.727872
148.735467
157.705473
166.656176
175.973802
184.698452
193.433357
202.206720
211.377813
220.056413
229.440022
238.342754
247.566411
256.518217
265.578091
274.881739
283.708328
292.397451
301.571532
310.417042
319.599648
327.866058
336.821815
345.512098
354.818831
363.889269
372.806057
381.879313
390.760816
399.484252
408.587240
417.570241
426.478947
435.393028
443.979236
452.517666
461.366630
470.278611
479.451319
488.210285
497.041667
506.073831
514.967852
524.322407
533.240057
542.374460
551.501979
560.363767
570.095925
578.917635
587.825541
597.119246
605.936249
615.000012
623.815677
632.750732
641.540082
650.643800
660.303061
669.332103
678.408928
687.443753
696.815699
705.776636
714.580947
723.694561
732.559877
742.025182
751.153409
760.138646
769.355050
778.696348
787.266729
796.185556
805.573649
814.471004
823.788306
832.666307
842.039845
851.104559
860.387949
869.356447
878.306154
887.338822
896.461695
905.484476
914.308887
923.254098
932.290879
941.395705
950.170089
959.676154
968.698764
977.745632
986.443946
995.445844
1004.464041
1013.503114
1022.443554
1031.380543
1039.919729
1048.946823
1058.024069
1066.946179
1076.311589
1085.301910
1094.312326
1103.348058
1112.282542
1121.632042
1130.908784
1139.881393
1148.729780
1157.876544
1166.874207
1175.883900
1185.023237
1194.257012
1203.650889
1212.555969
1221.609569
1230.629233
1240.829075
1250.770216
1259.819137
1268.823048
1278.019720
1287.161975
1296.079365
1306.998726
1316.870608
1326.546224
1335.984516
1344.678329
1354.830987
1364.136577
1374.369716
1383.618852
1392.623050
1401.833663
1410.784736
1419.814345
1429.071993
1437.808187
1448.118589
1457.500404
1466.713920
1475.759358
1485.068830
1494.393131
1503.336128
1513.595232
1525.840789
1536.649570
1550.439063
1564.449329
1578.447520
1593.117229
1607.294400
1620.481969
1634.660873
1649.145851
1664.173863
1677.664711
1691.094241
1704.791224
1718.800007
1730.989516
1740.634323
1749.858153
1759.073648
1767.985685
1777.635171
1786.428128
1795.412483
1804.803138
1814.009418
1822.963324
1831.846906
1840.482235
1849.515501
1858.060067
1867.066279
1876.021251
1884.990695
1900.095484
1908.470162
1917.059719
1925.822433
1934.946215
1944.082420
1952.737298
1961.883523
1971.067145
1979.936476
1989.124266
2001.544420
2014.680550
2028.122191
2041.849836
2055.406960
2068.727664
2082.136436
2095.437800
2107.122102
2117.599638
2130.454741
2142.627054
2153.916657
2163.521408
2172.745911
2182.125042
2191.181856
2200.106395
2209.134573
2218.022120
2227.790224
2236.600880
2245.551868
2254.410901
2263.078095
2272.419067
2281.400301
2290.668707
2299.987190
2309.121548
2317.944289
2326.759506
2336.319675
2345.198918
2353.918734
2363.090641
2372.257952
2381.010628
2389.930923
2399.121743
2407.959229
2417.183527
2426.005196
2435.299335
2443.879978
2453.130985
2462.110907
2471.103215
2480.176113
2489.311569
2498.842324
2507.926649
2517.153127
2526.329921
2535.185436
2544.445161
2553.494975
2562.395577
2571.704262
2580.647429
2589.711306
2598.999270
2607.632921
2616.613138
2625.739986
2634.670431
2644.052145
2654.171923
2663.123688
2672.415879
2681.286062
2690.429482
2698.929490
2708.055297
2717.065408
2726.313238
2735.364739
2744.190234
2753.603647
2762.846962
2772.165357
2781.235183
2790.059232
2799.242605
2808.217901
2817.382845
2826.342993
2835.498497
2844.904574
2853.959008
2863.030746
2872.007241
2881.248683
2890.211144
2899.179405
2908.032053
2917.825644
2927.068509
2935.900821
2945.385110
2954.322789
2963.492730
2972.592965
2981.571941
2995.276716
3011.034622
3024.340714
3036.801940
3047.034408
3056.084936
3065.191404
3074.432736
3083.880368
3092.629797
3101.650107
3110.502254
3119.689729
3128.966687
3138.335125
3147.353444
3156.259624
3165.168504
3174.711696
3184.028752
3193.299754
3202.223177
3210.920003
3220.036136
3228.803273
3237.779641
3246.567612
3255.547863
3265.096159
3280.933267
3296.948786
3307.278873
3320.587618
3331.490846
3343.613230
3352.779913
3361.781494
3370.933036
3380.773536
3389.725366
3399.006609
3408.564232
3418.636209
3432.822481
3449.781986
3464.381392
3475.681459
3487.677038
3500.094419
3509.330350
3518.904796
3529.238909
3538.675975
3547.679996
3557.047706
3566.077792
3575.542133
3584.616326
3593.846498
3603.016081
3611.749255
3624.756510
3633.639709
3642.870531
3651.864718
3660.916195
3671.510643
3680.272151
3689.231848
3697.955318
3707.067266
3716.072901
3728.218473
3742.523949
3755.801062
3766.181628
3778.748250
3788.558664
3797.755208
3806.661167
3815.507648
3824.552366
3833.704486
3842.790115
3851.879514
3867.685997
3876.004928
3884.770489
3895.499411
3905.569644
3915.083040
3924.508420
3933.474550
3942.702633
3956.048525
3970.254112
3982.967104
3994.252299
4005.642063
4015.379344
4024.684422
4033.351737
4042.285643
4050.949550
4059.852698
4069.113974
4077.742910
4086.764570
4095.320632
4104.215968
4113.257254
4122.169524
4131.359843
4140.182549
4149.241689
4158.056646
4167.092350
4175.704185
4184.297846
4193.177835
4202.185899
4211.093892
4220.167253
4228.990357
4237.949409
4246.903612
4255.697978
4264.741048
4273.709522
4282.527812
4291.830453
4300.427771
4309.524945
4318.607358
4327.161279
4336.097764
4345.086452
4354.293514
4363.150275
4371.972302
4380.926822
4389.880576
4399.106428
4408.100170
4416.829062
4425.758662
4434.504529
4443.403415
4452.504148
4461.433766
4470.581038
4479.403893
4488.545450
4497.442210
4506.301991
4515.011652
4523.490252
4532.247762
4540.865304
4550.165777
4558.966991
4567.976878
4576.928291
4585.867541
4594.482307
4603.516373
4612.140158
4620.834738
4629.854441
4638.365891
4647.389391
4656.532277
4665.155985
4674.219611
4683.043352
4692.270684
4701.030520
4709.849983
4718.536196
4727.415193
4736.355671
4745.200639
4753.757388
4763.156307
4772.396331
4781.569191
4790.595284
4799.735405
4808.899979
4818.287251
4827.501873
4836.731834
4845.634043
4854.599319
4863.468082
4872.183762
4881.563535
4890.590875
4898.966812
4907.662997
4916.858673
4925.753896
4934.469618
4943.472908
4952.218308
4960.912218
4969.469424
4978.681787
4987.726256
4996.964612
5005.820263
5014.840890
5023.954338
5032.683220
5041.667923
5050.826464
5059.743215
5068.640255
5077.621902
5086.740711
5095.415905
5104.338194
5113.708952
5122.528801
5131.412740
5140.587134
5149.678412
5158.717425
5167.554071
5176.306083
5185.203550
5194.447788
5203.510298
5212.156713
5221.099525
5229.641884
5238.336823
5247.132576
5255.783562
5264.676875
5273.846222
5282.592011
5291.534155
5300.434057
5309.381074
5318.645075
5327.405180
5336.521260
5345.262316
5353.971093
5363.074580
5372.124209
5380.746831
5389.736130
5398.890397
5407.796070
5416.612185
5424.971552
5433.354074
5442.315810
5451.123916
5460.004547
5468.681053
5477.475319
5486.083823
5494.932734
5503.889560
5512.752172
5521.835572
5530.857776
5539.990424
5548.407967
5557.042722
5565.900952
5574.592850
5583.896273
5592.706642
5601.689361
5610.693442
5619.506655
5628.673280
5637.250726
5646.152745
5655.100333
5664.125757
5678.949137
5686.845400
5695.932380
5705.152442
5713.998907
5723.178145
5731.887002
5740.811805
5749.831086
5758.996215
5768.090081
5776.814001
5785.515110
5794.787557
5803.645861
5812.742204
5821.705062
5830.632792
5839.676004
5848.383166
5857.454329
5866.424268
5875.209765
5884.012178
5892.776889
5901.938924
5911.053504
5920.008337
5928.822187
5937.599289
5946.606622
5955.379540
5964.610438
5973.638853
5982.483080
5991.142573
6000.346408
6009.294061
6018.059155
6026.958719
6035.732641
6044.767031
6053.493522
6062.267752
6071.080007
6079.916240
6089.627710
6098.467784
6107.551520
6116.744124
6126.063756
6135.010530
6143.902284
6152.943672
6161.927755
6170.861347
6179.612947
6188.410684
6197.441778
6206.363711
6215.352250
6224.366346
6233.183594
6242.082146
6251.206367
6260.256572
6269.011910
6277.898957
6286.748811
6295.767455
6304.526819
6313.764266
6322.894135
6331.735262
6340.762054
6349.455467
6358.390877
6367.531427
6376.546259
6385.129597
6394.101290
6403.082714
6412.108546
6420.668809
6429.837063
6438.710068
6447.948179
6456.820113
6465.477082
6474.232906
6482.852859
6491.567183
6500.502892
6509.415512
6518.323241
6527.223291
6536.247279
6545.469453
6554.228458
6563.265589
6572.282939
6581.285743
6590.054482
6598.629591
6607.181645
6615.895394
6624.988866
6634.248664
6643.101153
6652.154019
6660.944420
6669.982201
6678.883392
6687.778618
6696.773260
6705.515519
6714.278282
6723.109032
6732.090283
6741.175514
6750.543743
6759.344196
6768.168979
6777.088275
6785.706098
6794.978143
6804.014684
6812.822333
6822.121601
6830.722044
6840.075035
6848.843362
6858.062227
6866.749017
6875.576499
6884.537436
6893.026309
6901.982124
6910.976260
6919.730491
6928.520489
6937.549230
6946.646097
6955.937169
6964.871394
6973.904938
6982.896096
6991.678167
7001.007790
7010.169497
7019.212487
7028.171351
7037.173569
7046.152601
7054.746043
7064.013927
7073.175607
7081.831880
7091.026953
7099.935473
7109.270741
7118.160234
7127.260183
7136.406282
7145.341524
7154.511801
7163.733361
7172.710374
7181.543875
7190.373961
7199.485881
7208.474111
7217.328547
7226.323789
7235.295125
7244.254640
7253.317468
7262.257807
7271.178495
7279.953887
7288.656952
7297.896891
7306.474074
7315.516531
7324.667555
7333.417122
7342.575965
7351.415385
7360.513681
7369.256668
7378.145217
7387.243313
7395.971992
7404.637411
7413.746152
7422.482358
7431.186455
7439.480074
7448.832395
7457.824960
7472.839226
7480.783207
7489.901253
7499.213305
7508.096366
7516.838563
7525.633873
7534.731532
7543.514792
7552.892751
7561.853411
7571.166575
7580.275103
7589.121084
7598.172741
7607.159148
7616.575955
7625.757429
7634.869390
7643.548333
7652.482898
7661.340052
7670.394845
7679.563474
7688.872900
7697.752148
7706.571486
7715.885311
7724.797240
7733.492540
7742.674395
7751.737667
7760.746871
7769.608781
7778.531050
7787.906220
7796.952914
7806.062173
7814.590705
7823.459204
7832.455655
7841.078916
7850.095557
7858.984602
7868.286207
7877.186275
7886.270293
7895.674829
7904.536561
7913.766941
7922.212238
7931.530861
7940.317400
7949.185303
7958.481710
7967.566083
7976.410630
7985.462448
7994.612358
8003.421719
8012.592782
8021.609491
8030.522727
8039.536393
8048.225518
8057.402191
8066.519017
8075.572451
8084.585676
8093.542179
8102.673501
8111.581753
8120.791376
8129.382385
8138.537776
8147.685313
8156.926934
8165.827015
8174.697945
8183.977269
8192.735030
8201.635252
8210.408370
8219.723511
8228.374277
8237.203068
8245.932184
8254.868212
8264.287899
8273.228294
8282.221797
8291.356692
8300.377071
8309.440157
8318.182725
8326.893414
8335.703571
8345.288010
8354.848246
8363.977427
8372.865387
8381.980995
8391.265927
8400.194700
8409.473749
8419.585270
8429.319733
8441.633982
8454.704983
8467.192758
8481.050436
8494.476301
8506.013844
8518.734560
8531.520209
8545.333071
8557.911192
8570.734970
8583.210980
8595.891146
8608.087219
8618.968014
8627.741830
8636.574165
8645.429582
8654.719910
8664.081169
8672.925164
8682.024601
8690.987815
8699.785738
8708.975413
8718.246234
8727.422645
8736.594347
8745.915620
8754.987630
8763.966799
8773.199733
8782.086920
8790.943228
8799.735441
8808.585145
8817.602243
8826.682150
8835.769596
8844.425076
8853.770800
8863.925440
8876.664040
8888.988961
8901.850358
8914.570627
8925.788038
8938.082359
8950.788015
8963.240170
8975.422472
8988.026239
9000.354017
9011.057088
9020.185256
9029.334703
9038.431021
9047.360335
9056.088974
9065.236446
9074.245217
9082.988614
9092.101692
9101.304358
9110.344749
9119.295838
9128.476866
9137.411144
9146.314672
9155.065667
9164.504236
9173.681665
9182.771776
9191.834399
9200.909158
9210.114235
9219.085814
9228.231416
9237.424055
9246.499131
9255.871109
9264.930714
9274.271456
9283.454882
9292.185712
9301.391085
9310.069504
9319.417054
9328.360590
9337.540808
9346.648232
9355.905833
9364.600451
9379.394958
9387.427828
9396.577835
9406.051255
9415.032576
9424.114828
9433.128805
9441.965207
9451.240366
9460.406310
9469.789865
9478.683702
9487.685663
9496.931056
9505.852733
9516.055776
9524.985629
9534.124193
9543.253881
9552.083248
9561.347450
9570.668794
9579.922455
9588.979115
9597.875377
9607.058595
9616.194749
9625.220855
9634.902946
9643.464794
9652.295969
9661.697798
9670.727731
9680.203480
9688.728879
9697.975283
9707.119098
9716.040711
9725.301145
9734.187642
9743.143451
9752.350731
9761.360428
9770.363838
9780.204729
9789.498308
9798.407245
9807.389665
9816.580516
9826.037591
9834.876304
9844.411364
9858.031152
9874.182058
9886.318713
9898.898578
9908.804116
9918.021960
9927.337023
9936.149086
9945.399962
9954.272754
9963.209051
9972.304890
9981.361174
9990.307595
9999.570946
10008.753922
10017.990589
10027.130275
10036.374156
10045.145502
10054.167392
10063.517264
10072.302804
10081.385075
10090.613326
10099.838065
10109.114314
10118.078054
10130.982855
10147.503086
10159.626776
10171.476120
10183.074890
10194.624362
10205.280665
10214.392632
10223.521744
10233.168617
10242.201726
10251.107508
10260.179246
10270.726030
10284.250541
10300.604800
10316.822701
10327.158281
10340.018948
10352.178612
10361.537061
10371.051452
10381.470060
10390.815246
10400.110201
10409.301018
10418.237197
10427.228694
10435.988860
10445.553643
10454.221041
10463.323141
10475.222415
10484.358796
10493.615497
10503.064796
10511.840657
10522.127149
10531.652689
10540.196208
10549.538294
10558.479368
10567.765193
10580.213663
10595.104815
10608.242693
10619.564154
10631.128312
10640.547822
10649.777802
10658.636389
10667.525697
10676.658671
10685.665577
10694.747494
10704.295219
10713.767812
10723.267998
10732.454195
10743.066168
10753.876856
10763.114381
10772.092170
10781.720516
10790.667392
10804.643684
10818.987811
10832.151731
10844.737253
10854.927068
10863.979533
10872.663802
10881.856457
10891.475073
10906.748776
10921.527601
10934.891534
10949.330525
10958.579190
10967.403203
10976.842043
10986.025671
10996.899665
11007.405999
11016.089974
11024.861923
11034.419334
11043.169871
11052.405208
11061.032321
11070.172843
11079.430562
11088.765085
11098.817683
11111.875329
11121.448088
11130.031960
11138.855496
11150.564302
11161.602260
11171.311579
11180.000435
11189.541422
11198.696681
11207.571118
11216.716471
11225.858778
11235.028512
11244.053349
11253.148706
11262.223081
11271.165277
11280.416173
11289.570545
11298.898687
11308.069816
11317.080762
11325.938293
11335.151393
11344.149185
11358.594774
11366.815979
11375.862581
11385.251796
11394.555245
11404.178315
11413.299348
11422.360652
11431.501438
11440.248701
11449.419384
11459.485847
11470.123138
11480.611557
11490.324665
11502.738032
11513.808007
11523.711252
11533.784839
11544.003387
11554.174246
11563.986781
11573.748788
11583.862085
11594.535642
11604.317495
11614.553169
11624.887352
11634.791517
11644.542624
11653.740968
11662.800957
11671.855386
11681.989260
11691.801472
11701.992811
11711.974339
11725.914933
11736.188977
11745.972718
11755.914474
11766.656862
11776.846529
11786.052891
11795.013602
11804.543057
11814.022889
11824.377365
11835.119562
11844.947868
11854.764387
11864.955490
11874.009192
11887.728885
11898.879673
11907.855330
11916.941010
11925.960524
11935.121630
11948.335356
11962.098116
11972.031853
11981.202318
11990.164317
11999.339813
12010.881414
12022.157176
12031.794845
12040.767370
12049.892064
12060.274817
12070.110739
12079.535786
12089.252707
12098.328179
12107.746696
12116.876362
12126.375438
12136.057688
12147.947069
12157.926396
12169.378426
12179.290740
12188.477813
12199.093585
12212.122656
12224.700927
12236.787920
12248.340596
12257.614652
12267.144213
12276.066973
12285.388525
12294.166549
12303.295756
12313.297560
12322.842470
12335.295856
12344.821151
12354.511403
12366.024830
12377.193797
12387.313229
12396.655377
12405.539937
12414.461207
12423.342244
12432.223187
12441.750824
12450.519987
12459.704450
12469.065692
12478.000597
12487.139737
12495.917305
12504.922968
12513.965585
12523.023293
12531.958916
12540.876957
12550.003831
12558.852423
12567.950624
12576.819332
12585.768878
12594.970500
12604.526976
12615.485965
12630.065673
12645.240316
12656.045481
12668.827689
12679.616752
12691.744134
12705.467604
12717.736251
12730.164672
12742.475195
12754.619172
12765.696581
12775.867286
12785.180739
12793.967839
12803.319645
12812.403677
12821.517777
12830.624336
12839.699409
12849.311059
12858.322192
12867.411079
12880.812171
12890.021081
12899.099216
12908.062541
12916.833251
12925.903384
12935.064123
12944.108438
12953.168131
12962.267897
12971.108164
12981.510779
12990.424503
12999.587797
13008.050052
13017.265426
13026.274742
13035.599221
13045.758837
13055.241418
13064.424073
13073.800854
13082.586680
13091.486531
13100.616741
13109.871964
13118.839490
13127.975332
13138.142476
13147.334389
13156.257915
13165.691864
13174.756178
13183.670033
13192.950697
13204.863811
13220.206239
13234.428911
13248.823988
13263.031335
13276.572953
13291.649055
13306.220014
13320.128350
13335.184458
13349.601741
13359.089875
13367.558690
13376.403862
13390.610895
13398.935094
13408.051334
13416.789660
13425.934276
13436.812037
13446.614867
13456.213967
13466.257361
13475.889017
13485.371313
13494.435719
13507.688185
13519.312033
13528.481439
13537.915144
13546.684836
13555.721664
13564.461584
13573.623050
13584.105284
13599.168345
13612.491429
13625.875836
13639.070575
13651.058386
13663.493522
13674.476635
13687.040432
13699.319746
13711.118779
13722.624281
13734.247145
13745.746092
13755.404948
13765.093443
13774.170492
13786.568779
13799.433681
13811.118183
13823.433740
13833.748014
13843.216138
13854.630486
13866.559772
13877.885585
13889.106550
13899.367194
13912.107329
13922.924853
13934.216640
13945.408042
13956.315161
13968.142650
13979.517390
13990.049714
14001.535488
14013.469934
14024.258955
14035.156361
14047.132646
14058.511271
14068.749849
14080.883376
14091.891541
14102.997473
14113.694284
14124.895391
14136.517093
14148.818436
14162.126536
14174.155469
14186.780207
14197.733691
14210.131534
14221.064469
14233.317073
14244.335668
14255.131783
14267.248256
14278.112797
14289.150736
14300.994712
14312.133878
14323.368757
14334.159639
14345.887276
14356.361595
14367.359645
14378.622820
14389.674639
14400.094888
14410.101203
14420.933709
14431.381060
14441.551260
14451.956084
14461.736825
14470.723574
14480.707592
14490.634867
14500.516874
14510.054392
14518.985713
14527.933591
14537.001400
14546.467389
14555.398170
14564.802060
14574.517066
14584.117640
14593.655748
14603.057700
14612.358691
14621.586751
14630.656401
14640.341954
14649.623809
14658.819468
14668.348758
14677.422590
14686.881549
14696.190389
14705.298337
14714.657529
14723.946086
14733.106541
14742.222811
14751.514696
14760.983114
14770.364285
14780.209085
14789.498274
14798.504598
14807.672705
14817.255952
14826.730211
14836.893693
14846.021322
14855.464546
14864.870093
14874.691090
14884.180176
14893.611874
14903.399384
14912.704232
14922.039282
14931.980188
14941.154333
14950.656540
14960.034416
14969.164035
14978.698691
14988.023921
14997.583663
15006.891830
15019.942116
15031.702534
15040.789627
15050.000504
15059.829727
15069.481515
15078.951567
15088.040080
15098.087509
15111.786728
15120.954486
15130.037230
15139.933172
15152.651681
15163.891762
15172.489488
15181.922240
15190.824211
15199.658758
15208.717042
15217.859628
15228.821517
15237.952384
15249.332541
15262.719071
15275.456776
15287.472391
15299.536119
15310.313072
15321.433947
15332.987090
15344.229857
15355.063136
15365.590866
15375.883584
15386.366120
15397.153601
15407.812297
15417.389681
15427.892709
15437.544761
15447.453225
15457.062742
15466.612278
15482.200601
15490.343835
15499.230901
15508.477466
15517.628783
15526.559439
15536.021650
15545.112454
15554.103554
15563.434703
15572.350662
15581.780862
15591.027712
15600.369920
15609.753775
15619.139305
15628.304405
15637.240487
15646.948853
15656.089461
15665.280761
15675.147256
15684.283496
15693.526948
15702.407446
15711.750912
15721.003229
15730.337265
15740.009482
15752.038039
15765.002020
15776.358691
15785.800062
15796.431718
15806.299052
15814.850844
15824.379897
15833.773573
15843.024659
15852.630090
15861.334199
15870.774897
15880.797632
15892.594638
15904.228645
15915.128278
15926.284065
15936.673923
15947.382916
15959.070383
15969.831422
15980.710055
15990.975852
16001.790898
16012.886104
16022.842520
16033.536260
16043.990525
16054.506140
16064.396538
16074.941244
16085.132090
16095.073850
16105.079720
16115.380916
16124.881616
16134.102566
16143.652361
16152.669359
16161.977396
16171.360013
16180.967963
16191.063543
16200.456915
16209.994390
16219.352701
16228.643118
16238.215899
16247.877311
16257.583068
16266.828457
16276.589437
16285.988251
16294.865186
16305.211139
16314.403790
16323.507432
16332.258272
16341.234072
16350.419565
16359.876364
16368.794014
16378.135247
16388.655408
16399.768332
16411.149375
16422.289799
16433.004601
16444.059338
16454.724416
16465.889148
16476.183033
16487.120720
16497.689000
16508.129026
16519.091741
16529.789330
16539.518723
16549.093603
16558.550594
16568.054024
16577.415725
16587.043048
16596.368302
16605.801483
16615.324384
16625.112195
16634.664919
16644.487057
16653.455293
16663.358272
16672.504506
16681.268275
16690.710086
16700.081602
16709.598709
16719.622772
16728.785442
16738.341194
16747.503050
16757.077775
16766.215771
16775.258168
16784.696873
16794.137859
16803.897110
16813.362607
16822.651116
16832.087252
16841.588833
16851.060694
16860.177804
16869.518421
16879.483124
16889.095090
16898.610637
16907.875151
16916.873361
16927.028452
16936.216610
16944.737092
16953.975287
16962.910722
16971.934198
16981.309170
16990.681563
17000.099638
17010.397947
17021.395386
17031.561739
17042.361987
17051.335001
17060.151090
17069.711695
17079.068879
17088.402660
17098.434474
17107.579319
17117.068657
17126.393775
17135.970127
17145.085083
17154.627086
17164.690390
17175.049462
17184.597345
17193.872255
17204.511683
17218.660688
17227.988994
17237.597196
17246.847553
17256.457475
17266.076815
17275.976733
17285.087466
17295.100281
17309.788255
17319.096494
17328.074001
17337.424892
17346.628110
17355.760180
17364.685524
17373.612460
17382.634238
17391.960410
17401.242587
17411.427480
17421.164865
17436.482898
17444.606755
17459.162063
17468.693264
17477.893860
17487.081462
17495.753503
17504.563499
17516.176703
17528.742045
17540.669596
17550.562162
17560.231443
17569.333520
17579.089269
17588.052469
17597.241410
17606.550706
17615.624959
17624.548959
17635.703343
17647.636528
17657.446843
17667.225083
17676.379488
17685.708196
17694.640772
17703.641059
17712.987381
17726.248202
17736.274046
17749.698155
17763.443609
17775.486948
17786.584483
17799.855129
17813.098011
17824.426606
17836.716061
17847.960217
17861.927794
17873.267017
17883.966429
17893.159076
17902.172678
17911.352641
17920.108387
17931.060062
17942.044626
17953.499672
17964.589029
17975.878547
17987.115093
18001.580351
18011.855417
18021.772508
18032.682819
18044.532682
18055.109617
18064.196990
18078.169966
18086.904842
18095.860855
18104.972073
18113.993295
18123.165720
18134.849671
18145.421521
18154.265285
18162.986768
18174.444330
18183.744000
18192.717415
18201.974183
18210.804857
18219.736178
18228.653698
18237.718496
18246.611354
18255.740963
18264.688124
18273.661297
18282.616570
18291.440537
18300.497061
18309.191895
18317.673471
18326.497900
18335.414059
18344.320238
18353.159855
18362.392038
18370.984469
18379.969893
18389.254761
18397.726236
18406.954504
18415.291626
18424.330202
18433.063246
18442.187995
18451.216105
18459.702256
18468.376086
18477.452955
18486.104714
18495.132691
18503.643518
18512.611142
18521.587795
18530.310980
18539.230398
18548.452863
18557.196488
18566.623876
18575.049484
18583.968524
18593.136995
18601.888412
18610.766618
18619.410537
18628.742152
18637.853315
18646.740772
18656.439087
18665.382134
18674.175661
18683.202334
18692.478364
18701.587914
18710.389621
18718.980139
18728.047513
18736.945030
18745.970773
18754.521721
18763.489250
18772.674356
18781.590267
18790.407400
18799.470285
18808.453235
18817.799276
18826.507483
18835.035538
18843.773337
18852.738820
18862.082543
18870.654256
18879.499465
18888.054312
18896.689310
18906.213809
18915.146853
18923.980322
18932.919291
18941.823735
18950.919474
18959.654963
18968.869006
18977.799184
18986.727962
18995.626770
19004.441363
19013.556247
19022.759756
19031.600996
19040.472755
19049.230533
19058.046844
19066.706304
19075.483503
19084.539476
19093.447651
19102.090509
19111.531005
19120.410430
19129.426658
19138.342927
19146.904807
19156.399076
19165.225796
19174.479492
19183.210021
19192.517433
19201.532399
19210.319378
19219.545938
19228.763391
19237.541584
19246.700985
19255.548527
19264.512393
19273.497188
19282.322446
19291.233613
19300.096332
19309.409209
19318.526711
19327.342294
19341.813110
19349.810151
19358.571514
19367.953341
19376.942945
19386.122874
19394.663292
19403.280919
19412.300578
19421.304292
19430.173550
19439.262550
19448.154778
19456.672365
19465.608153
19474.849792
19483.839037
19492.605264
19501.592687
19510.291296
19519.203120
19528.159346
19536.481792
19545.263650
19553.854730
19562.667280
19571.708201
19580.579433
19589.672923
19598.570241
19607.880558
19617.102051
19625.604059
19634.537709
19643.467800
19652.081167
19661.531785
19670.533664
19679.657383
19688.567318
19697.362679
19706.558256
19715.011478
19724.067230
19732.861900
19741.978649
19750.860235
19759.653188
19768.291474
19777.679358
19786.626742
19795.565266
19804.611773
19813.130590
19822.099653
19830.809006
19839.741066
19848.821491
19857.713084
19866.721279
19875.611912
19883.970232
19893.231189
19902.136675
19911.783602
19920.690679
19929.841231
19938.426914
19947.362900
19956.505234
19965.402433
19974.641295
19983.601698
19992.724610
20002.036258
20010.905324
20019.905414
20028.837207
20037.305161
20046.434531
20055.314184
20064.220414
20072.955761
20081.890853
20090.950886
20100.078933
20109.072304
20118.108877
20126.715098
20135.409766
20144.531862
20153.408007
20162.631793
20171.694409
20181.028091
20190.229949
20199.132185
20207.958802
20217.062994
20225.844121
20234.730011
20243.461638
20252.414034
20261.369663
20270.257427
20279.067729
20287.954093
20296.978393
20305.842711
20314.543051
20323.617831
20332.683791
20341.576622
20350.641194
20359.571414
20368.664112
20377.006055
20385.480772
20394.564555
20403.153483
20412.048694
20420.752463
20429.942777
20438.814042
20448.090971
20456.866808
20465.541878
20474.924917
20484.060529
20492.971243
20501.743575
20510.799431
20519.552001
20528.455606
20537.173910
20546.449878
20555.403757
20564.156333
20573.569885
20581.915722
20591.107600
20600.076608
20609.149237
20618.253659
20627.224072
20636.369707
20645.514208
20654.215897
20663.545770
20672.272782
20681.233160
20690.284142
20699.329584
20708.275713
20717.560885
20726.578256
20735.224914
20743.923355
20752.897527
20761.729319
20770.663601
20779.262069
20787.658763
20796.830942
20805.739592
20814.307402
20823.354143
20832.301677
20841.293968
20850.420353
20859.404362
20868.746233
20877.355991
20886.291678
20895.484025
20904.589872
20913.872417
20922.557278
20931.296139
20940.386425
20949.834420
20958.693336
20967.184201
20976.236879
20985.437292
20994.153044
21003.087988
21012.272954
21021.139256
21030.560916
21039.444697
21048.552135
21057.665102
21066.545913
21075.453243
21084.083305
21093.003137
21102.212874
21111.223090
21120.360059
21134.439998
21142.424150
21151.459416
21160.262053
21169.433939
21177.959925
21187.042923
21196.145965
21205.227645
21213.935661
21222.751144
21231.853887
21240.740077
21249.525107
21258.685395
21267.166196
21276.088223
21285.023155
21294.121708
21303.224109
21312.449886
21321.203712
21330.541893
21339.381073
21348.497514
21357.335351
21365.984026
21375.312682
21383.966173
21392.685639
21401.868858
21410.688581
21419.869226
21428.282187
21437.483541
21446.546203
21455.326277
21464.190483
21472.975106
21482.225614
21491.166011
21500.072618
21509.005587
21517.922247
21526.610013
21535.884645
21544.696621
21553.677187
21562.585274
21571.459350
21580.659268
21589.149621
21598.307724
21607.168617
21615.960969
21625.131559
21633.859882
21642.597286
21651.386554
21660.311790
21669.406647
21678.081033
21687.165282
21695.923642
21704.806341
21713.830890
21722.989058
21731.633195
21740.463131
21749.304026
21758.206713
21767.239748
21776.232369
21784.925164
21793.801558
21802.772859
21811.938396
21820.700074
21829.783093
21838.257305
21846.971975
21855.730013
21864.421531
21873.652313
21882.403721
21891.306937
21900.086187
21909.278028
21918.142797
21926.716930
21935.759009
21944.846942
21953.781058
21962.906636
21971.682837
21980.493145
21989.520808
21998.353819
22007.517188
22016.723161
22025.892993
22034.979992
22043.906495
22052.797279
22061.660954
22070.392015
22079.498940
22088.116597
22096.901089
22105.915910
22114.947093
22124.085821
22133.101684
22142.276098
22151.387578
22160.350888
22169.489362
22178.534326
22187.941063
22196.554358
22205.493493
22214.376223
22223.020054
22231.963683
22241.074898
22249.998188
22259.014357
22268.260037
22277.006757
22286.016979
22294.988287
22303.954211
22312.965111
22321.716368
22330.682082
22339.494715
22348.312744
22357.668916
22366.506408
22375.911661
22384.725240
22393.727856
22402.603005
22411.586447
22420.529455
22429.768237
22438.846879
22447.501556
22456.608387
22465.651093
22474.333027
22483.605855
22492.916271
22501.616367
22510.265874
22519.233042
22527.876819
22536.912846
22545.805177
22554.748753
22563.831944
22572.538829
22581.584606
22590.413514
22599.023932
22607.722775
22616.447150
22625.794410
22634.801504
22643.636209
22652.504303
22660.970191
22669.843673
22678.753635
22687.837484
22696.698786
22705.867591
22714.931193
22723.511809
22732.670377
22741.789805
22750.783482
22759.850559
22768.543147
22777.726171
22786.943930
22795.438287
22804.638217
22813.788378
22822.840839
22832.248956
22841.498662
22850.274751
22859.128232
22868.061265
22877.272529
22885.847889
22894.831848
22903.758615
22912.635284
22927.459724
22935.608047
22944.588229
22953.537561
22962.454157
22971.031104
22979.866571
22988.723469
22997.502785
23006.406374
23015.278720
23024.149617
23033.312178
23042.306443
23051.345055
23060.202895
23069.183890
23077.912436
23087.053334
23096.009316
23105.102458
23114.050247
23123.043586
23132.047968
23140.928247
23149.954762
23158.897741
23167.762148
23176.748926
23185.797493
23194.880261
23203.493637
23212.473827
23221.730770
23230.323175
23239.340698
23248.251488
23257.221057
23266.197399
23275.329845
23284.532885
23293.445256
23302.570508
23311.801744
23321.326751
23330.265172
23339.295156
23348.292462
23357.143112
23365.865067
23374.686764
23383.824760
23392.357250
23401.060398
23410.146183
23418.994119
23427.715437
23436.881866
23445.924119
23454.525564
23463.873888
23472.871506
23481.730628
23491.123921
23500.098975
23508.409166
23517.183893
23526.364314
23535.255113
23544.156981
23553.418412
23562.436613
23571.125329
23579.938960
23589.194064
23598.206103
23607.273712
23615.886406
23624.590403
23633.874249
23642.634722
23651.399505
23660.328642
23669.226640
23678.458185
23687.034978
23696.156528
23705.093545
23713.980330
23722.836548
23731.979252
23740.662746
23749.657707
23758.600132
23767.572052
23776.460414
23784.998423
23793.903105
23802.898906
23811.699955
23820.500441
23829.036505
23838.146943
23846.724144
23855.694168
23864.921069
23873.537951
23882.986166
23891.618995
23900.716241
23909.408530
23918.298234
23927.351303
23936.399619
23945.690671
23954.613407
23963.507900
23972.854240
23981.754351
23990.893260
24000.017764
24008.873164
24017.913060
24027.057508
24035.842255
24044.765399
24053.754987
24062.336196
24071.481741
24080.396173
24089.391749
24098.280849
24106.876099
24115.534381
24124.239650
24133.108187
24142.146552
24151.047971
24160.154016
24168.811751
24177.664127
24186.637620
24195.553952
24204.391687
24213.108621
24221.917713
24230.640005
24239.519040
24248.303887
24257.235627
24266.143940
24275.016232
24283.502898
24292.370718
24301.056890
24310.199237
24319.501554
24328.046641
24337.257497
24345.830513
24355.130685
24363.872617
24372.357603
24381.381795
24390.073171
24399.010289
24407.486806
24416.226876
24425.180952
24433.847332
24443.000741
24452.029035
24460.788656
24469.736111
24478.850310
24488.110675
24497.318249
24506.185959
24515.198503
24523.907390
24532.561810
24541.706753
24550.630801
24559.808189
24568.740755
24577.887398
24586.902491
24595.547103
24604.572664
24613.448925
24622.403055
24631.519758
24640.311318
24649.025084
24657.521714
24666.629544
24675.515767
24684.549322
24693.427949
24702.514341
24717.164933
24725.215654
24733.939911
24742.936685
24751.591604
24760.004131
24768.988503
24778.044794
24786.611495
24795.531102
24804.371465
24813.398499
24822.627472
24831.586229
24840.444899
24849.060544
24857.779011
24866.595846
24875.335774
24884.345568
24893.020474
24902.050967
24911.073655
24920.301227
24929.184786
24938.095501
24946.987278
24955.661281
24964.513536
24973.530424
24982.358867
24991.188910
25000.018515
25008.753685
25017.492311
25026.427656
25035.304201
25044.420154
25053.248966
25062.400237
25071.372074
25080.571446
25089.448722
25098.366055
25107.348502
25116.188385
25124.788630
25133.694022
25142.363387
25151.572449
25160.448550
25169.062754
25177.858541
25186.212893
25195.731918
25204.487249
25213.149812
25222.240650
25231.115656
25240.042207
25248.790588
25257.473917
25266.431485
25275.599625
25284.575049
25293.718866
25302.773072
25311.762874
25320.284657
25329.167603
25338.295144
25346.865445
25355.616633
25364.693022
25373.549448
25382.392496
25391.175545
25400.198447
25409.159488
25418.240646
25427.111092
25436.024724
25445.342255
25454.501698
25463.575109
25472.424356
25481.284362
25489.957585
25499.068015
25507.686005
25516.724043
25525.422753
25534.374730
25543.599592
25552.520006
25561.374146
25569.939502
25578.858219
25588.089890
25596.828635
25605.745868
25614.676402
25623.626019
25632.765519
25641.518622
25650.773618
25659.615621
25668.515049
25677.268170
25686.000574
25695.109051
25704.111326
25712.782166
25721.888175
25731.076394
25740.084131
25749.325984
25758.478575
25767.505070
25776.497710
25785.550931
25794.958975
25803.516354
25812.768924
25821.538046
25830.261770
25839.448817
25848.224296
25857.114166
25866.033799
25875.210727
25884.045094
25892.806383
25901.636235
25910.458093
25919.159360
25928.226643
25937.239651
25946.201267
25954.965614
25963.790565
25972.572424
25981.545646
25990.464195
25999.157425
26008.033650
26016.875739
26026.256688
26034.850655
26043.909681
26052.693664
26061.894147
26070.726509
26079.737161
26088.596501
26097.247478
26106.197240
26115.333263
26124.364682
26133.395340
26141.746255
26150.889860
26159.667724
26168.765574
26177.821909
26186.594023
26195.708969
26204.483275
26213.312554
26222.068102
26231.002115
26240.234905
26249.103336
26258.174027
26266.987695
26275.835145
26284.388820
26293.616571
26302.743248
26311.576131
26320.412901
26329.383485
26338.477790
26347.080613
26356.384629
26365.096269
26374.181206
26383.196546
26391.975158
26401.194760
26409.965634
26418.592666
26427.627265
26436.543628
26445.601449
26454.619609
26463.356905
26472.103366
26480.985587
26490.011416
26504.797859
26512.865244
26521.320127
26530.063430
